%%dane
m1 = 14000
m2 = 450.28 
m3 = 200 
k1 = 54.7*1000
k2 = 303.6*1000
h = 42

%%warunki początkowe
x_0 = 0
v_0 = 67 
y2_0 = 0
v2_0 = 0
y3_0 = 0
v3_0 = 0